       562        392        134
       591        428        132
       621        464        133
       658        509        133
       697        521        143
       705        572        139
       723        610        149
       778        657        137
       802        691        138
       817        711        138
       828        736        146
       872        789        140
       883        806        140
       904        839        141
       932        885        143
       945        907        144
       965        940        145
       994        992        147
      1004       1011        147
      1024       1049        147
      1053       1104        148
      1096       1192        149
      1113       1226        150
      1128       1257        150
      1145       1296        151
      1152       1310        152
      1176       1362        153
      1183       1377        153
      1199       1411        155
      1213       1441        156
      1237       1495        159
      1244       1510        160
      1269       1566        163
      1285       1604        167
