  1   1.0000   322.00   1271.0   190.00   80.000   80.000   80.000   0.0000   0.0000   1.0000   0.0000   1.0000  1 
  2   1.0000   320.00   1233.0   190.00   80.000   80.000   80.000   0.0000   0.0000   1.0000   0.0000   1.0000  1 
  3   1.0000   316.00   1199.0   190.00   80.000   80.000   80.000   0.0000   0.0000   1.0000   0.0000   1.0000  1 
  4   1.0000   312.00   1167.0   190.00   80.000   80.000   80.000   0.0000   0.0000   1.0000   0.0000   1.0000  1 
  5   1.0000   308.00   1135.0   190.00   80.000   80.000   80.000   0.0000   0.0000   1.0000   0.0000   1.0000  1 
  6   1.0000   334.00   1333.0   190.00   80.000   80.000   80.000   0.0000   0.0000   1.0000   0.0000   1.0000  1 
  7   1.0000   304.00   1097.0   190.00   80.000   80.000   80.000   0.0000   0.0000   1.0000   0.0000   1.0000  1 
  8   1.0000   300.00   1063.0   190.00   80.000   80.000   80.000   0.0000   0.0000   1.0000   0.0000   1.0000  1 
  9   1.0000   288.00    953.0   190.00   80.000   80.000   80.000   0.0000   0.0000   1.0000   0.0000   1.0000  1 
 10   1.0000   282.00    925.0   190.00   80.000   80.000   80.000   0.0000   0.0000   1.0000   0.0000   1.0000  1 
 11   1.0000   358.00   1501.0   193.00   80.000   80.000   80.000   0.0000   0.0000   1.0000   0.0000   1.0000  1 
 12   1.0000   344.00   1433.0   193.00   80.000   80.000   80.000   0.0000   0.0000   1.0000   0.0000   1.0000  1 
 13   1.0000   404.00   1819.0   184.00   80.000   80.000   80.000   0.0000   0.0000   1.0000   0.0000   1.0000  1 
 14   1.0000   408.00   1851.0   184.00   80.000   80.000   80.000   0.0000   0.0000   1.0000   0.0000   1.0000  1 
 15   1.0000   384.00   1701.0   186.00   80.000   80.000   80.000   0.0000   0.0000   1.0000   0.0000   1.0000  1 
