         1          1      87.04      45.82     106.69
         1          1      88.06      45.73     106.29
         1          1      89.00      45.65     105.73
         1          1      89.84      45.58     105.04
         1          1      90.57      45.51     104.21
         1          1      91.16      45.46     103.29
         1          1      91.59      45.42     102.28
         1          1      91.87      45.40     101.22
         1          1      91.97      45.39     100.12
         1          1      91.91      45.40      99.03
         1          1      91.67      45.42      97.95
         1          1      91.27      45.45      96.93
         1          1      90.71      45.50      95.98
         1          1      90.02      45.56      95.14
         1          1      89.20      45.63      94.41
         1          1      88.27      45.71      93.82
         1          1      87.27      45.80      93.38
         1          1      86.21      45.89      93.11
         1          1      85.12      45.99      93.00
         1          1      84.03      46.08      93.07
         1          1      82.96      46.18      93.31
         1          1      81.94      46.27      93.71
         1          1      81.00      46.35      94.27
         1          1      80.16      46.42      94.96
         1          1      79.43      46.49      95.79
         1          1      78.84      46.54      96.71
         1          1      78.41      46.58      97.72
         1          1      78.13      46.60      98.78
         1          1      78.03      46.61      99.88
         1          1      78.09      46.60     100.97
         1          1      78.33      46.58     102.05
         1          1      78.73      46.55     103.07
         1          1      79.29      46.50     104.02
         1          1      79.98      46.44     104.86
         1          1      80.80      46.37     105.59
         1          1      81.73      46.29     106.18
         1          1      82.73      46.20     106.62
         1          1      83.79      46.11     106.89
         1          1      84.88      46.01     107.00
         1          1      85.97      45.92     106.93
         1          1      87.04      45.82     106.69
         1          2      88.15      58.00      98.05
         1          2      87.07      58.00      98.27
         1          2      86.04      58.00      98.66
         1          2      85.09      58.00      99.20
         1          2      84.23      58.00      99.88
         1          2      83.48      58.00     100.69
         1          2      82.88      58.00     101.61
         1          2      82.42      58.00     102.61
         1          2      82.13      58.00     103.66
         1          2      82.00      58.00     104.76
         1          2      82.05      58.00     105.85
         1          2      82.27      58.00     106.93
         1          2      82.66      58.00     107.96
         1          2      83.20      58.00     108.91
         1          2      83.88      58.00     109.77
         1          2      84.69      58.00     110.52
         1          2      85.61      58.00     111.12
         1          2      86.61      58.00     111.58
         1          2      87.66      58.00     111.87
         1          2      88.76      58.00     112.00
         1          2      89.85      58.00     111.95
         1          2      90.93      58.00     111.73
         1          2      91.96      58.00     111.34
         1          2      92.91      58.00     110.80
         1          2      93.77      58.00     110.12
         1          2      94.52      58.00     109.31
         1          2      95.12      58.00     108.39
         1          2      95.58      58.00     107.39
         1          2      95.87      58.00     106.34
         1          2      96.00      58.00     105.24
         1          2      95.95      58.00     104.15
         1          2      95.73      58.00     103.07
         1          2      95.34      58.00     102.04
         1          2      94.80      58.00     101.09
         1          2      94.12      58.00     100.23
         1          2      93.31      58.00      99.48
         1          2      92.39      58.00      98.88
         1          2      91.39      58.00      98.42
         1          2      90.34      58.00      98.13
         1          2      89.24      58.00      98.00
         1          2      88.15      58.00      98.05
         1          3      97.92      68.19     103.09
         1          3      96.87      68.38     103.34
         1          3      95.87      68.55     103.76
         1          3      94.95      68.71     104.34
         1          3      94.13      68.86     105.05
         1          3      93.42      68.98     105.89
         1          3      92.86      69.08     106.82
         1          3      92.44      69.16     107.84
         1          3      92.19      69.20     108.90
         1          3      92.11      69.22     110.00
         1          3      92.19      69.20     111.10
         1          3      92.44      69.16     112.16
         1          3      92.86      69.08     113.18
         1          3      93.42      68.98     114.11
         1          3      94.13      68.86     114.95
         1          3      94.95      68.71     115.66
         1          3      95.87      68.55     116.24
         1          3      96.87      68.38     116.66
         1          3      97.92      68.19     116.91
         1          3      99.00      68.00     117.00
         1          3     100.08      67.81     116.91
         1          3     101.13      67.62     116.66
         1          3     102.13      67.45     116.24
         1          3     103.05      67.29     115.66
         1          3     103.87      67.14     114.95
         1          3     104.58      67.02     114.11
         1          3     105.14      66.92     113.18
         1          3     105.56      66.84     112.16
         1          3     105.81      66.80     111.10
         1          3     105.89      66.78     110.00
         1          3     105.81      66.80     108.90
         1          3     105.56      66.84     107.84
         1          3     105.14      66.92     106.82
         1          3     104.58      67.02     105.89
         1          3     103.87      67.14     105.05
         1          3     103.05      67.29     104.34
         1          3     102.13      67.45     103.76
         1          3     101.13      67.62     103.34
         1          3     100.08      67.81     103.09
         1          3      99.00      68.00     103.00
         1          3      97.92      68.19     103.09
